%YAML:1.0
---
mtx1: !!opencv-matrix
   rows: 3
   cols: 3
   dt: d
   data: [ 7.0082543560652505e+02, 0., 2.6336817814070332e+02, 0.,
       7.0646097542296377e+02, 1.0224082578795159e+02, 0., 0., 1. ]
mtx2: !!opencv-matrix
   rows: 3
   cols: 3
   dt: d
   data: [ 6.8588488961502776e+02, 0., 2.9048609375227096e+02, 0.,
       6.9269344704211187e+02, 1.1974387903917780e+02, 0., 0., 1. ]
dist1: !!opencv-matrix
   rows: 1
   cols: 5
   dt: d
   data: [ -3.2111838526821412e-01, 4.0009415930134301e-01,
       -5.6941059670814068e-03, 2.2345915449685548e-03,
       -1.4578931555913746e+00 ]
dist2: !!opencv-matrix
   rows: 1
   cols: 5
   dt: d
   data: [ -2.1525970923602816e-01, -7.6419282494738872e-01,
       -5.3472179902677441e-03, 9.0626371717355443e-03,
       1.2665758736430393e+00 ]
rvecs1: !!opencv-matrix
   rows: 33
   cols: 3
   dt: d
   data: [ 1.0740529040622618e-01, 1.2774094562203091e-02,
       1.4449455404689693e-03, 5.4832866632498797e-02,
       -5.5729811091921755e-01, -5.5860756235754067e-02,
       4.7297930186740572e-01, -8.2165148187856862e-02,
       -6.2291969541196604e-02, 4.4449505802079498e-01,
       -8.2050150456686635e-02, -6.7251564693427066e-02,
       4.0233601274232628e-01, -8.5703561315906993e-02,
       -5.2542296926625390e-02, 6.0467094104774168e-02,
       -6.5281527339315026e-01, -7.2961711650037855e-02,
       3.6371581598072367e-01, -9.9234944438093123e-02,
       -5.5044122127441281e-02, 3.0855511459712853e-01,
       -9.2199089627193018e-02, -4.1044714355754158e-02,
       3.5908968112278589e-01, -2.8170314005812717e-02,
       -3.6336152004105594e-02, 3.1814113837745100e-01,
       9.9333054594675313e-02, -4.8555265808212858e-02,
       3.3740393224551751e-01, 9.4779963519648083e-02,
       -1.6661413856081126e-02, 3.3665936794329104e-01,
       1.1032076514935309e-01, -3.2748561454207237e-02,
       3.3030332126059309e-01, 1.1905984613230100e-01,
       -2.6674843159322111e-02, 3.2602980805451504e-01,
       1.2402329220878676e-01, -2.9785514203246381e-02,
       3.1718855209590840e-01, 1.3090556197587699e-01,
       -2.7887071640225435e-02, 6.7948717359521960e-02,
       -6.6131380277205565e-01, -9.2632096876052214e-02,
       3.0655004866080149e-01, 1.3488051594919542e-01,
       -3.0869430567132126e-02, 2.9971922218577418e-01,
       1.4099657651359973e-01, -3.2638731211529992e-02,
       2.7900925869376658e-01, 1.5142654107037334e-01,
       -3.2746667661459991e-02, 2.0185353916260376e-01,
       1.4331775231801164e-01, -1.7202040032921712e-02,
       -4.9443496609323095e-01, -5.4424731139424816e-02,
       -1.3168162185614818e-01, -5.0269739565772775e-01,
       -3.6681755903532440e-02, -1.4932220761712062e-01,
       -5.0049211169027930e-01, -1.9338882023088744e-02,
       -1.4787348942504461e-01, -5.3203292134903690e-01,
       -2.3994913524023911e-02, -1.4262517172412686e-01,
       -6.0606175461549017e-01, -3.3155052742440558e-02,
       -1.5727847946164294e-01, 6.4704302404903893e-02,
       -6.5830958451854305e-01, -1.0120603703624120e-01,
       -5.7233834372799297e-01, 1.5190348670172049e-02,
       -1.4102346162721049e-01, -6.1807607118391605e-01,
       5.7251821650659729e-02, -1.6991613628052132e-01,
       -5.6001871854130691e-01, 9.9336100985002396e-02,
       -1.6393758454812740e-01, -5.3362994699141830e-01,
       1.0085853273893304e-01, -1.6411867009304157e-01,
       -5.0768894832839528e-01, 1.3341189269555523e-01,
       -1.4973355494433152e-01, -4.9672286741354155e-01,
       2.0680761421164134e-01, -1.5783430314082275e-01,
       -4.9769027658332843e-01, 2.3749972299985445e-01,
       -1.6156656540569550e-01 ]
rvecs2: !!opencv-matrix
   rows: 33
   cols: 3
   dt: d
   data: [ 8.5357755844676753e-02, -2.0705968768267396e-02,
       2.2549862090793387e-02, 8.0281838024254246e-02,
       -6.0402824371672137e-01, -4.4810015315370169e-02,
       5.0010698874281567e-01, -1.2683853098670458e-01,
       -3.9224495612861267e-02, 4.4154168864019211e-01,
       -1.3808737715464461e-01, -4.5823715429444467e-02,
       3.9927184777887242e-01, -1.3230064248144591e-01,
       -3.0131542848150606e-02, 9.6350955340960789e-02,
       -6.9981554555512016e-01, -6.5462669227038028e-02,
       3.8129186733857262e-01, -1.1970648389500195e-01,
       -2.6002040886936931e-02, 3.4692314740866043e-01,
       -9.6406238348509227e-02, -1.2507158494763335e-02,
       3.7661697713720294e-01, -1.6177721449099718e-02,
       -6.7134860037312465e-03, 3.4570326441526883e-01,
       2.9562118538174285e-02, -8.1108319198533139e-03,
       3.6435268521966774e-01, 3.8586431750011072e-02,
       1.2916585303940076e-02, 3.4828894149466066e-01,
       6.9545151463525565e-02, -6.1261573632637491e-03,
       3.3582848374273655e-01, 8.3277872683971244e-02,
       1.2705487128389442e-03, 3.2955489881387201e-01,
       9.0224696746829702e-02, -4.1612150841464435e-03,
       3.2053606147241004e-01, 1.0883500410003522e-01,
       -3.8550693157053881e-03, 1.0168060204414366e-01,
       -7.0248256748555082e-01, -8.4560875990394052e-02,
       3.0596184900650736e-01, 1.1742777665564989e-01,
       -5.2573335310707190e-03, 2.9944143995808009e-01,
       1.2570797351853019e-01, -9.1889852092730765e-03,
       2.6622580010082941e-01, 1.2794837693554639e-01,
       -1.6450998997824759e-03, 1.0543711860003693e-01,
       8.7201501603218587e-02, 2.4740249039981527e-02,
       -4.7531267088022860e-01, -1.0114633626436569e-01,
       -1.4191606542146998e-01, -4.6503667302679236e-01,
       -7.5454385359050816e-02, -1.4497386926818487e-01,
       -4.8160986952791651e-01, -8.2077894188563094e-02,
       -1.4403661404341433e-01, -5.0949250827852588e-01,
       -8.1503741563607152e-02, -1.4569425370161176e-01,
       -5.5620153534258565e-01, -7.5968939024369048e-02,
       -1.4983979568404060e-01, 9.5445843228441157e-02,
       -6.9502966309864600e-01, -9.4901441572655787e-02,
       -5.5383876409954547e-01, -4.7588737682317570e-02,
       -1.5015632681403970e-01, -6.0513502427286425e-01,
       -1.0195739155183859e-02, -1.7635391791819527e-01,
       -5.2337388928359563e-01, 3.4982997739849975e-02,
       -1.6040385157346509e-01, -5.0738638942932401e-01,
       3.2557513570959679e-02, -1.6034639459803487e-01,
       -4.8191749581026033e-01, 8.1706210804318363e-02,
       -1.4712927936028236e-01, -4.7538064094022564e-01,
       1.3994841342035130e-01, -1.5547931080766855e-01,
       -4.7942146317998086e-01, 1.6724693069782434e-01,
       -1.6016997274247019e-01 ]
R: !!opencv-matrix
   rows: 3
   cols: 3
   dt: d
   data: [ 9.9877309634453826e-01, 3.5081479542543653e-05,
       -4.9520710693946361e-02, -1.2620153793222717e-03,
       9.9969299586600369e-01, -2.4745127472628241e-02,
       4.9504639535361682e-02, 2.4777263483767936e-02,
       9.9846651314840296e-01 ]
T: !!opencv-matrix
   rows: 3
   cols: 1
   dt: d
   data: [ 6.1519486936478192e+00, -1.6667296895105813e-01,
       -8.0976652501832480e-01 ]
E: !!opencv-matrix
   rows: 3
   cols: 3
   dt: d
   data: [ -9.2730230564441411e-03, 8.0538822328025006e-01,
       -1.8645515402930068e-01, -1.1133230220277837e+00,
       -1.5245686152891563e-01, -6.1024145473993361e+00,
       1.5870462341200031e-01, 6.1500658671010866e+00,
       -1.6048451850531054e-01 ]
F: !!opencv-matrix
   rows: 3
   cols: 3
   dt: d
   data: [ 4.2355754137214580e-06, -3.6493711377934127e-04,
       9.5882348166535167e-02, 5.0352660785914162e-04,
       6.8402171535062047e-05, 1.7946444748639734e+00,
       -1.1124469350413099e-01, -1.8135471624049941e+00, 1. ]
