%YAML:1.0
---
mtx1: !!opencv-matrix
   rows: 3
   cols: 3
   dt: d
   data: [ 6.0892783935265686e+02, 0., 2.9716168792641128e+02, 0.,
       6.0954132227742218e+02, 2.4661716387958467e+02, 0., 0., 1. ]
mtx2: !!opencv-matrix
   rows: 3
   cols: 3
   dt: d
   data: [ 1.3763374645593497e+03, 0., 3.1985531290570145e+02, 0.,
       1.0361645419672284e+03, 2.3530343929597723e+02, 0., 0., 1. ]
dist1: !!opencv-matrix
   rows: 1
   cols: 5
   dt: d
   data: [ -2.2958733509675947e-01, -4.8779436614939936e-01,
       8.7392210349951621e-04, 9.8003220073989185e-03,
       5.5968238751716259e-01 ]
dist2: !!opencv-matrix
   rows: 1
   cols: 5
   dt: d
   data: [ -1.1950466916643518e+00, 1.5596402473953699e+01,
       5.8269372952409471e-02, 1.5334644021318950e-02,
       -1.5782003233805173e+02 ]
rvecs1: !!opencv-matrix
   rows: 63
   cols: 3
   dt: d
   data: [ -1.4954130620972370e-01, 4.0515324601368113e-01,
       -1.4009586455705267e-01, -1.5371660739052628e-01,
       3.5642949802668550e-01, -1.2696619399742567e-01,
       -1.5204540877649672e-01, 2.1972123698723944e-01,
       -1.1361163373134393e-01, -1.5443687235908446e-01,
       4.9020997100279025e-02, -1.2216511540869870e-01,
       -1.2162764760560604e-01, -1.6864861991197347e-01,
       -1.0136686820059994e-01, -7.1105104327954305e-02,
       -2.9709982494570236e-01, -8.6384044023321213e-02,
       -3.9200409864813039e-02, -4.0467533779450277e-01,
       -1.1272136472112075e-01, -3.6916513648290246e-02,
       -5.6292366588521581e-01, -1.1320489231733660e-01,
       -3.9260477805037539e-02, -6.4768572406135438e-01,
       -1.0301443156092289e-01, 1.3290354172795884e-02,
       -6.9547132171860315e-01, -1.2701413182095331e-01,
       2.7586874190134492e-01, 2.3064316741784355e-01,
       -1.6445497956277427e-01, 3.2357058952205947e-01,
       5.7777454164264441e-01, -2.0146182998649656e-01,
       -4.2682292145387396e-01, 5.0662035964154417e-01,
       -1.2263964600331981e-01, 5.8454098852957805e-02,
       5.3243313003419868e-01, -1.0719507012067750e-01,
       -3.0485848519611713e-01, 6.1698164850610482e-01,
       8.7398857479170471e-03, -4.0271998923105540e-01,
       7.2795969372154412e-01, 2.9891623958859671e-02,
       -4.2462323693535420e-01, 1.4161903636708290e-01,
       -8.1762652758010826e-02, -4.7104843032639931e-01,
       5.9239636698036902e-01, -1.8458953848123925e-02,
       -4.7651658068505443e-01, 5.7855679475817678e-01,
       -5.4382419724723900e-02, -3.9149087746238959e-01,
       5.6736495660763731e-01, -1.1926292493645023e-01,
       -4.1461581750196352e-01, 4.9473846040195030e-01,
       -1.4482876224460497e-01, -3.0702171294801500e-01,
       5.2199498996776872e-01, -1.8023557180921562e-01,
       -2.7373645881425074e-01, 4.0011227039616082e-01,
       -2.2979452135243997e-01, -4.9686559387075346e-01,
       -1.3633309753379677e-01, -7.4401735465004087e-02,
       -3.2598170322965753e-01, 2.7709471974694244e-01,
       -2.8636372491919682e-01, -2.8851814717766333e-01,
       1.6472738315202595e-01, -2.7911377187925845e-01,
       -4.3901577841655115e-01, 1.3014781452810442e-01,
       -2.5840081917862506e-01, -4.7736075776320669e-01,
       -3.0864634207020503e-01, -7.3824610436743252e-02,
       -4.6370291511019990e-01, 2.2685663428387262e-01,
       -9.9509961738543554e-02, -4.8239963277589326e-01,
       2.6125127033014339e-01, -2.9859863152240443e-02,
       -5.1647190663213882e-01, 4.3634627111466107e-01,
       -3.0612180561393740e-02, -5.9166593964389114e-01,
       5.1109250883776891e-01, -2.2803413923532991e-02,
       -6.3472091377836282e-01, 5.7115386426313897e-01,
       -3.8093496464840761e-02, -6.2651963958715740e-01,
       5.2415724311114631e-01, -3.1523137842488808e-02,
       -6.3911139752738544e-01, 5.5259766112252562e-01,
       -2.0195699753097172e-02, -6.6312063117334774e-01,
       5.1187767684504593e-01, 1.8181911422101463e-02,
       -7.1046028251035476e-01, 5.2474903456099931e-01,
       3.7426705423373390e-02, -4.9135671226064548e-01,
       4.8214545984228796e-01, -8.5337506404106880e-02,
       -4.2367599747618084e-01, 3.8839627028529655e-01,
       -2.0389479169351590e-01, -4.0877971436307076e-01,
       5.4656789112568505e-01, -5.3593082849267996e-02,
       -1.8687255565105799e-02, 5.7858450207388823e-01,
       -1.4799996129992724e-01, -5.9558245579244318e-01,
       -3.9631275936655469e-02, -2.6373492664776451e-02,
       -4.1875563410091043e-01, 1.1941778974182052e-01,
       -4.3594660149356049e-02, -4.9222750039394841e-01,
       -2.2002787932896600e-01, -9.2866182124068681e-03,
       -3.9403593809439547e-01, -1.7966765729079884e-01,
       3.2382019567882203e-03, -3.7276143863275085e-01,
       2.9370909870202583e-01, -7.8240590729440423e-02,
       -1.4869047952217726e-01, 2.9954767636344887e-01,
       -2.4622444580005307e-01, -2.9344686806603620e-01,
       5.9362202626156901e-01, -2.3708934356053524e-01,
       -3.4092843753313179e-01, 6.5193927335819812e-01,
       -1.8322818809209007e-01, -2.0640666136823491e-01,
       -3.6865790478852406e-01, -1.3600952364594560e-01,
       -4.0170170662938171e-01, 6.9141201596983215e-01,
       -2.1541865983257372e-01, 3.9852734266973625e-02,
       -1.8680003524365510e-01, -1.8270234878582911e-01,
       -9.5869521175542691e-02, -1.6550451843039327e-01,
       -1.8029298263456225e-01, 1.0995146662172248e-01,
       5.1968612728977640e-02, -8.1457477720640686e-02,
       1.2846636428472402e-03, 2.4837739240581283e-01,
       -1.1761549883892800e-01, 7.8661786692615546e-02,
       2.1702297480413160e-01, -1.1656689992271252e-01,
       3.3431444488648709e-01, 7.0037656568832818e-02,
       -1.7576119324659420e-01, -9.1324737380602455e-02,
       4.0222586501460056e-01, -4.4261824681693519e-02,
       -3.5408430514236183e-01, 7.6137946334954332e-01,
       -2.2643053133418561e-01, -7.3450556143474802e-02,
       3.8153157826278083e-01, -1.3842102118573726e-01,
       -4.2367953556573085e-01, 2.9351412077496070e-01,
       -1.4419989495830352e-01, -1.3722153659687894e-01,
       6.2311563876176501e-01, -2.0395605882915269e-01,
       -1.6911792858378483e-01, 3.7130639357082612e-01,
       -1.6412314449845947e-01 ]
